7.500000000000000000e-01 -3.330669073875469498e-17
7.004844339512095175e-01 1.394645988090725819e-02
5.617449009293666862e-01 4.874804285010981425e-02
3.612604669781571687e-01 8.904441878698311774e-02
1.387395330218427758e-01 1.168022602493092726e-01
-6.174490092936679719e-02 1.132870820307629867e-01
-2.004844339512095730e-01 7.079921511304004822e-02
-2.500000000000000000e-01 0.000000000000000000e+00
-2.004844339512095730e-01 -7.079921511304004822e-02
-6.174490092936679719e-02 -1.132870820307629867e-01
1.387395330218427758e-01 -1.168022602493092726e-01
3.612604669781571687e-01 -8.904441878698311774e-02
5.617449009293666862e-01 -4.874804285010981425e-02
7.004844339512095175e-01 -1.394645988090725819e-02
7.500000000000000000e-01 3.330669073875469498e-17
